# N Mean
1 1.5205631514641289e+00
2 8.5185596596070401e-01
3 1.0176698677324085e+00
4 1.1120824259063613e+00
5 1.2366543554871596e+00
6 9.6265431421932490e-01
7 8.2594202178008813e-01
8 8.8578536711204103e-01
9 7.6884522992287685e-01
10 7.5815169366921831e-01
11 7.2851891747987851e-01
12 7.4169340554703644e-01
13 6.9189802191845895e-01
14 6.8106264396620098e-01
15 7.5943774607006342e-01
16 8.2125946219137835e-01
17 8.2631097523186803e-01
18 8.4439874262443360e-01
19 7.6968342280564295e-01
20 7.7224458310391964e-01
21 6.9018063699768484e-01
22 6.4647516767457236e-01
23 5.9278906170428902e-01
24 6.2694494507831744e-01
25 5.8066863798567492e-01
26 5.6613650509155478e-01
27 5.2255261010091814e-01
28 4.7983381710007494e-01
29 5.3214208389009565e-01
30 5.0289637162484990e-01
31 5.0405446232124818e-01
32 5.3571953237614101e-01
33 5.4487710708556047e-01
34 5.2555998196810361e-01
35 5.3661989114355946e-01
36 5.3762660445069266e-01
37 5.3608937084316532e-01
38 5.7246399454862706e-01
39 5.5464569605351044e-01
40 5.7363138098671629e-01
41 5.7379244334411383e-01
42 5.9131504014129121e-01
43 5.8223064074894793e-01
44 6.0705695245955249e-01
45 5.9023222547190524e-01
46 5.7864837365283495e-01
47 5.9661699463951179e-01
48 6.2079329520733706e-01
49 5.9198661221730442e-01
50 6.1710650449483950e-01
51 6.1633943677271130e-01
52 5.9022074651878864e-01
53 5.7109661050868443e-01
54 5.7884816922193760e-01
55 5.9869998082966025e-01
56 5.8884245984601491e-01
57 5.6434546866215374e-01
58 5.3840967000580731e-01
59 5.3560789952812982e-01
60 5.1316922645232121e-01
61 5.0008185983059117e-01
62 5.2285315878551741e-01
63 5.4164317563740483e-01
64 5.5744186602297308e-01
65 5.4578887190151282e-01
66 5.4690238932977020e-01
67 5.4061460634152192e-01
68 5.5149889461738544e-01
69 5.5129754965800626e-01
70 5.5775288869655226e-01
71 5.5827495086254419e-01
72 5.3826892418473438e-01
73 5.3518185385048866e-01
74 5.5221324999781329e-01
75 5.6874946514551961e-01
76 5.7656666993567340e-01
77 5.6716814447092700e-01
78 5.7548141114060036e-01
79 5.7984160150205288e-01
80 5.7337040697381381e-01
81 5.7942242874943972e-01
82 5.6623340521547905e-01
83 5.6327051578892695e-01
84 5.7609141094361560e-01
85 5.8681507999120863e-01
86 5.7988713009667547e-01
87 5.6962296208557939e-01
88 5.8224221528633346e-01
89 5.7627410652643551e-01
90 5.8164894673118783e-01
91 5.9580010950042261e-01
92 5.9764924308823519e-01
93 6.0167357508291208e-01
94 6.1203905809042369e-01
95 6.0895106546311362e-01
96 6.2106521443455254e-01
97 6.1667598541930457e-01
98 6.2512113545594528e-01
99 6.2943966515660721e-01
100 6.4047442942879840e-01
101 6.3856351398860567e-01
102 6.2884695872309448e-01
103 6.4071016419603499e-01
104 6.5147626608983367e-01
105 6.3996677826290216e-01
106 6.4943111534072140e-01
107 6.5199009359876448e-01
108 6.4869259509145372e-01
109 6.5062008918988268e-01
110 6.4327970871769913e-01
111 6.4971868696395507e-01
112 6.4322453459126561e-01
113 6.4055087267108934e-01
114 6.3211024988859543e-01
115 6.2281015492094260e-01
116 6.1596441234579136e-01
117 6.1642053929946083e-01
118 6.1331107576082011e-01
119 6.0402964872550513e-01
120 6.1333283333263033e-01
121 6.0255746748109618e-01
122 5.9252196379100452e-01
123 5.9165863237614047e-01
124 5.9722126989961666e-01
125 6.0807753970105094e-01
126 6.1757701922450037e-01
127 6.2100818482597242e-01
128 6.1732503489481183e-01
129 6.2222416367290456e-01
130 6.1825313645262026e-01
131 6.1263655591491428e-01
132 6.0569828364162792e-01
133 6.0680931535817539e-01
134 6.0029012798275694e-01
135 5.9182256685396062e-01
136 5.9626832406533903e-01
137 5.8736435610987570e-01
138 5.9311107211304015e-01
139 5.8519160973103002e-01
140 5.8983462799998032e-01
141 5.8014494554463492e-01
142 5.8908978462576955e-01
143 5.7907928114733631e-01
144 5.7897935655192156e-01
145 5.7173558146629144e-01
146 5.6590305773854510e-01
147 5.7153224888053467e-01
148 5.7576489067904901e-01
149 5.7840868979499627e-01
150 5.8723406796680522e-01
151 5.8942705451431765e-01
152 5.9396506419283646e-01
153 5.8537994241026403e-01
154 5.7771323651803463e-01
155 5.7760302344075298e-01
156 5.6899464781062747e-01
157 5.6033684236766579e-01
158 5.5434714880048963e-01
159 5.5327742723681073e-01
160 5.5893839231992093e-01
161 5.5993850097126785e-01
162 5.6430148865779517e-01
163 5.5566047618980596e-01
164 5.4906145734555234e-01
165 5.5785490738128107e-01
166 5.5216292499929021e-01
167 5.5885576337254972e-01
168 5.5181736851561580e-01
169 5.6034742549430672e-01
170 5.5212286847934178e-01
171 5.5831875576771839e-01
172 5.5052031182903194e-01
173 5.4162993330180642e-01
174 5.4868497611042566e-01
175 5.5001635646248759e-01
176 5.4428397260276640e-01
177 5.3832414506162019e-01
178 5.3628339532495539e-01
179 5.4300292960924190e-01
180 5.4809227699014640e-01
181 5.4549113792448045e-01
182 5.4610632435048034e-01
183 5.4715650827438067e-01
184 5.4612700299878014e-01
185 5.4891638300343737e-01
186 5.4219597336668046e-01
187 5.4246457224761813e-01
188 5.4634444950760963e-01
189 5.4299281458598458e-01
190 5.5053856495278242e-01
191 5.5148293549051897e-01
192 5.5711501048539780e-01
193 5.6067103576303456e-01
194 5.6235175101186430e-01
195 5.5488462777713399e-01
196 5.5839750519109299e-01
197 5.6317576976376160e-01
198 5.6930179947997039e-01
199 5.7458075540379339e-01
200 5.7917341473939532e-01
201 5.8593525042686279e-01
202 5.8913078691839071e-01
203 5.9465279792292003e-01
204 6.0130051565143205e-01
205 6.0324851803223989e-01
206 6.0270738715422967e-01
207 5.9734118726601582e-01
208 6.0163298685385669e-01
209 6.0672970103395507e-01
210 6.0017853123144194e-01
211 6.0183228681002277e-01
212 5.9778653241564561e-01
213 5.9915109850741544e-01
214 5.9489063047391944e-01
215 5.9724862704921711e-01
216 5.9425488994448017e-01
217 5.9145339796273566e-01
218 5.8733794135220907e-01
219 5.8110572659513071e-01
220 5.8255168502253196e-01
221 5.7842687757785316e-01
222 5.8011592879242357e-01
223 5.7990042199843816e-01
224 5.8585799658245308e-01
225 5.8254363233031570e-01
226 5.8279043322254054e-01
227 5.8532354024946276e-01
228 5.7986090044337457e-01
229 5.7913858335648749e-01
230 5.8000154497952305e-01
231 5.8542558282975254e-01
232 5.8442268236095885e-01
233 5.8195328620049613e-01
234 5.8606055125016665e-01
235 5.8485833565851486e-01
236 5.7818391211459408e-01
237 5.7589127478493563e-01
238 5.7681376480223834e-01
239 5.8067533851531317e-01
240 5.7701283758017829e-01
241 5.7887763054212427e-01
242 5.7834032975121530e-01
243 5.7779492703324731e-01
244 5.7507800950431920e-01
245 5.7736855550584620e-01
246 5.7318277829667985e-01
247 5.7436612115295971e-01
248 5.6851219690793708e-01
249 5.6720070703649506e-01
250 5.6928370970174857e-01
251 5.7108660125278032e-01
252 5.7244308481394945e-01
253 5.7034389325012103e-01
254 5.6634201730324818e-01
255 5.6736545090632662e-01
256 5.6859243609425847e-01
257 5.7101887812003005e-01
258 5.6874796508244141e-01
259 5.7126753017277254e-01
260 5.6755741783698044e-01
261 5.7213667321337824e-01
262 5.7397687526395225e-01
263 5.7544232819806818e-01
264 5.7239821501039734e-01
265 5.7249227049446072e-01
266 5.6756910738789668e-01
267 5.6462499397948951e-01
268 5.6860830289476272e-01
269 5.7042899612954556e-01
270 5.6565415061859670e-01
271 5.6110866259402126e-01
272 5.5935753781633557e-01
273 5.5998286385845697e-01
274 5.6078451167373156e-01
275 5.6238045807869375e-01
276 5.5985854817912206e-01
277 5.6262910117736198e-01
278 5.6012014122866338e-01
279 5.5807285124426409e-01
280 5.5454135158343987e-01
281 5.5951839164466954e-01
282 5.5402625452250764e-01
283 5.5730592643683752e-01
284 5.5532399439500846e-01
285 5.5184778082148001e-01
286 5.5100037945835989e-01
287 5.5561679237165573e-01
288 5.5978753671777481e-01
289 5.6233018989657590e-01
290 5.6417465892814789e-01
291 5.6004838685459346e-01
292 5.6175149982793759e-01
293 5.6035130978797631e-01
294 5.6294474235283765e-01
295 5.6723697652493332e-01
296 5.7122880679480326e-01
297 5.7464470767430098e-01
298 5.7140980814877407e-01
299 5.7411736905223010e-01
300 5.7435073165425610e-01
301 5.7208333838377878e-01
302 5.7586715982701397e-01
303 5.7967264402799268e-01
304 5.8310114488499298e-01
305 5.8281042565417163e-01
306 5.8328685774146161e-01
307 5.7972002833628744e-01
308 5.7725903313642635e-01
309 5.8054860546025999e-01
310 5.8021521146178900e-01
311 5.7960675886220936e-01
312 5.8270682209852620e-01
313 5.8240402774399180e-01
314 5.8014528834949952e-01
315 5.7684725160918493e-01
316 5.7835259358657898e-01
317 5.8025889723532642e-01
318 5.7660139944316402e-01
319 5.7733094514748851e-01
320 5.7701823955088316e-01
321 5.7993843446935445e-01
322 5.8177948269971813e-01
323 5.7853751070778359e-01
324 5.7572071785528867e-01
325 5.7547412009913923e-01
326 5.7175725577683800e-01
327 5.6821890136011644e-01
328 5.6673447731241899e-01
329 5.6493413239686818e-01
330 5.6866368315078075e-01
331 5.7215851783423877e-01
332 5.7304444506165619e-01
333 5.7585957674024524e-01
334 5.7848988589581929e-01
335 5.7822043328268524e-01
336 5.7651416732684191e-01
337 5.7534641454268765e-01
338 5.7653324021223273e-01
339 5.7727104357118886e-01
340 5.7491647685148228e-01
341 5.7162842253633472e-01
342 5.6766937753444746e-01
343 5.6404219231151032e-01
344 5.6513980845569911e-01
345 5.6376489564789789e-01
346 5.6174479063509308e-01
347 5.6010909227874150e-01
348 5.5641178379117862e-01
349 5.5562545536181163e-01
350 5.5919076531821721e-01
351 5.5973640671114988e-01
352 5.5756779183107641e-01
353 5.5875383180706006e-01
354 5.6080631652947643e-01
355 5.6052877928692779e-01
356 5.5747059830707679e-01
357 5.6052841112574447e-01
358 5.6141239868776915e-01
359 5.6138936739386269e-01
360 5.5878420463240930e-01
361 5.5909971054235164e-01
362 5.5832484429099349e-01
363 5.6089093874365603e-01
364 5.5985323047995472e-01
365 5.5758782700153220e-01
366 5.5600436405810283e-01
367 5.5772664155187557e-01
368 5.5870010839527429e-01
369 5.6248285574908730e-01
370 5.6100243933293859e-01
371 5.6405278531531211e-01
372 5.6094571824710293e-01
373 5.6006480161283445e-01
374 5.5593688942900465e-01
375 5.5805398034213782e-01
376 5.6008883333278703e-01
377 5.5828762742494931e-01
378 5.5507523539852899e-01
379 5.5782333357276248e-01
380 5.5941594945288697e-01
381 5.5571010018961131e-01
382 5.5516456415841764e-01
383 5.5883097871242260e-01
384 5.6030206284310669e-01
385 5.5789257374070689e-01
386 5.5753969643145640e-01
387 5.6022187715218930e-01
388 5.5692686852961559e-01
389 5.5369229531823771e-01
390 5.5265382224853310e-01
391 5.5099815852120759e-01
392 5.5207050946228919e-01
393 5.5429752069949501e-01
394 5.5135541134257937e-01
395 5.4781913146115924e-01
396 5.4431521165075203e-01
397 5.4388405702487641e-01
398 5.4589089372193522e-01
399 5.4722006272629753e-01
400 5.4667121433381538e-01
401 5.4370528572657739e-01
402 5.4426549677018288e-01
403 5.4474102789897894e-01
404 5.4485230668609352e-01
405 5.4544559918839086e-01
406 5.4431334530745623e-01
407 5.4276185394631382e-01
408 5.4551530522633385e-01
409 5.4523227016457498e-01
410 5.4270599829431643e-01
411 5.4340303319923167e-01
412 5.4348516502765309e-01
413 5.4424373881942445e-01
414 5.4483394399415963e-01
415 5.4280053359900982e-01
416 5.4507607293999394e-01
417 5.4187510061191924e-01
418 5.3889576368214220e-01
419 5.4183678437129923e-01
420 5.3937752655811400e-01
421 5.3915382711759241e-01
422 5.3710955912893987e-01
423 5.3933934322144517e-01
424 5.3776657587371224e-01
425 5.3666966433372232e-01
426 5.3924751274711791e-01
427 5.3806134263371153e-01
428 5.4017971799334330e-01
429 5.4119896841643012e-01
430 5.3786823174427112e-01
431 5.3609221891166858e-01
432 5.3794101468670152e-01
433 5.3872612163810429e-01
434 5.4096018873702001e-01
435 5.3954296910825028e-01
436 5.3753261388865259e-01
437 5.3537364169371160e-01
438 5.3606303066597416e-01
439 5.3331390774773302e-01
440 5.3442868461890503e-01
441 5.3627076654698747e-01
442 5.3767826574885536e-01
443 5.3556399669789923e-01
444 5.3481624660293881e-01
445 5.3349525300053990e-01
446 5.3297626298525225e-01
447 5.3109709428502549e-01
448 5.3026260234614886e-01
449 5.3041466329893550e-01
450 5.2804523356943966e-01
451 5.2835154836973308e-01
452 5.2506700518937732e-01
453 5.2421838933008968e-01
454 5.2338641366804195e-01
455 5.2205199082180809e-01
456 5.2356552415840507e-01
457 5.2194138630642550e-01
458 5.2287377824233761e-01
459 5.2316588153041355e-01
460 5.2585198325903937e-01
461 5.2700622861799862e-01
462 5.2895936640965180e-01
463 5.3017877311076966e-01
464 5.2889789518808772e-01
465 5.2977696881333758e-01
466 5.2653284295290648e-01
467 5.2668776087323643e-01
468 5.2883528466544905e-01
469 5.2953145746871488e-01
470 5.3037942794496251e-01
471 5.3043285723869960e-01
472 5.2973729428459948e-01
473 5.2880013931503533e-01
474 5.3012461518456133e-01
475 5.3196791093961693e-01
476 5.3302141761246680e-01
477 5.3076901926580677e-01
478 5.2777301284772526e-01
479 5.2498159067369543e-01
480 5.2609030689396485e-01
481 5.2408772670592896e-01
482 5.2477815673638595e-01
483 5.2597096264096665e-01
484 5.2633774424166879e-01
485 5.2319761783859242e-01
486 5.2009870797860258e-01
487 5.1885767664741622e-01
488 5.1735327764722350e-01
489 5.1827096894085845e-01
490 5.2042279479436693e-01
491 5.1843310201444903e-01
492 5.1742828557250287e-01
493 5.1841123332087868e-01
494 5.2067564035642744e-01
495 5.2156299225381508e-01
496 5.2038985850946073e-01
497 5.2267286206725738e-01
498 5.2073736302678764e-01
499 5.1863451770866931e-01
500 5.1861801458272117e-01
